0.0 3135
0.1 3135
0.2 3137
0.3 3131
0.4 3133
0.5 3135
0.6 3136
0.7 3136
0.8 3132
0.9 3133
1.0 3127
1.1 3126
1.2 3125
1.3 3130
1.4 3129
1.5 3128
1.6 3131
1.7 3131
1.8 3131
1.9 3130
2.0 3129
2.1 3129
2.2 3132
2.3 3132
2.4 3130
2.5 3128
2.6 2864
2.7 2851
2.8 2899
2.9 2882
3.0 2843
3.1 2820
3.2 2665
3.3 2039
3.4 1286
3.5 876
3.6 793
3.7 769
3.8 754
3.9 749
4.0 744
4.1 743
4.2 741
4.3 769
4.4 1523
4.5 2256
4.6 2615
4.7 2759
4.8 2880
4.9 2973
5.0 2985
5.1 2988
5.2 2966
5.3 2873
5.4 2814
5.5 2798
5.6 2768
5.7 2769
5.8 2746
5.9 2711
6.0 2564
6.1 1546
6.2 977
6.3 894
6.4 864
6.5 861
6.6 852
6.7 849
6.8 851
6.9 1262
7.0 2549
7.1 2752
7.2 2843
7.3 2932
7.4 3002
7.5 3015
7.6 3018
7.7 3015
7.8 3015
7.9 3015
8.0 3013
8.1 3012
8.2 2990
8.3 2945
8.4 2876
8.5 2633
8.6 2415
8.7 1414
8.8 1084
8.9 976
9.0 995
9.1 2167
9.2 2743
9.3 2875
9.4 2869
9.5 3060
9.6 3069
9.7 3077
9.8 3077
9.9 3078
10.0 3078
10.1 3078
10.2 3076
10.3 3031
10.4 2837
10.5 3059
10.6 3970
10.7 3839
10.8 3384
10.9 3148
11.0 3123
11.1 3122
11.2 3158
11.3 3411
11.4 3736
11.5 3875
11.6 3938
11.7 3988
11.8 4018
11.9 4024
12.0 4033
12.1 4033
12.2 4037
12.3 4038
12.4 3694
12.5 2834
12.6 2692
12.7 3028
12.8 3150
12.9 3124
13.0 3106
13.1 3084
13.2 3073
13.3 3074
13.4 3072
13.5 3073
13.6 3073
13.7 3072
13.8 3077
13.9 3073
14.0 3070
14.1 3068
14.2 3062
14.3 3038
14.4 3006
14.5 3050
14.6 2985
14.7 2993
14.8 3096
14.9 3343
15.0 3735
15.1 3913
15.2 3960
15.3 3957
15.4 3916
15.5 3553
15.6 3029
15.7 3073
15.8 3077
15.9 3072
16.0 3073
16.1 3073
16.2 3070
16.3 3079
16.4 3074
16.5 3072
16.6 3054
16.7 3046
16.8 3007
16.9 3029
17.0 3179
17.1 3432
17.2 3645
17.3 3769
17.4 3822
17.5 3852
17.6 3869
17.7 3880
17.8 3892
17.9 3862
18.0 3488
18.1 3101
18.2 3082
18.3 3077
18.4 3076
18.5 3077
18.6 3074
18.7 3074
18.8 3071
18.9 3070
19.0 3068
19.1 3062
19.2 2982
19.3 2764
19.4 2731
19.5 3212
19.6 3500
19.7 3702
19.8 3919
19.9 3974
20.0 4021
20.1 4055
20.2 4066
20.3 4066
20.4 4067
20.5 4071
20.6 4074
20.7 4075
20.8 4068
20.9 3730
21.0 3044
21.1 3074
21.2 3065
21.3 3065
21.4 3065
21.5 3066
21.6 3064
21.7 3060
21.8 2807
21.9 2843
22.0 2447
22.1 2476
22.2 2281
22.3 2229
22.4 1206
22.5 1025
22.6 974
22.7 956
22.8 947
22.9 943
23.0 947
23.1 947
23.2 946
23.3 949
23.4 952
23.5 951
23.6 956
23.7 960
23.8 968
23.9 1143
24.0 2600
24.1 2709
24.2 3033
24.3 3053
24.4 3061
24.5 3073
24.6 3073
24.7 3069
24.8 3069
24.9 3076
25.0 3076
25.1 3073
25.2 3074
25.3 3073
25.4 3074
25.5 3072
25.6 3070
25.7 3073
25.8 3106
25.9 3677
26.0 3743
26.1 3662
26.2 3442
26.3 3229
26.4 3214
26.5 3679
26.6 3807
26.7 3131
26.8 3093
26.9 3085
27.0 3081
27.1 3240
27.2 3505
27.3 3119
27.4 3089
27.5 3103
27.6 3569
27.7 3289
27.8 3091
27.9 3088
28.0 3094
28.1 3089
28.2 3094
28.3 3127
28.4 3420
28.5 3281
28.6 3145
28.7 3075
28.8 3064
28.9 3108
29.0 3209
29.1 3414
29.2 3648
29.3 3833
29.4 3921
29.5 3920
29.6 3805
29.7 3605
29.8 3384
29.9 3254
